khanite_plains={
	location=4954
	color={
		227 209 9 
	}
	inland=yes
	outgoing={
		name="the_isesnor"
		path={
			 4955 4953 4903 4901 4881 
		}
		control={
			2827.0 1034.0 2837.0 1050.0
		}
	}
	members={
		4966 4970 4969 4971 4956 4957 4967 4968 4941 4952 4942 4949 4953 4955 4944 4943 4945 4946 4948 4947 4972 4973 4974 4975 
		4950 4951 4954 4958 4959 4960 4962 4961 4964 4965 4963 4937 4936 4938 4939 4940
	}
}

the_isesnor = {
	location=4885
	color={
		91 199 120 
	}
	inland=yes
	outgoing={
		name="romekh"
		path={
			4885 4882 4820 4822 4827 4828
		}
		control={
			2830.0 1099.0 2852.0 1124.0
		}
	}
	outgoing={
		name="khepstadt"
		path={
			4885 4884 4893 4886 4888 4890 4889
		}
		control={
			2855.0 1069.0 2884.0 1059.0
		}
	}
	members={
		4882 4885 4881 4884 4883 4902 4901 4903 4899 4935 4900 4835 4836 4886 4893 4897 4896 4898 4895
		4876 4877 4878 4879 4880 4926 4894 4924 4925 4822 4820 4821 4819 4809 4808 4810 4811 4815 4814 4813 4812 4866
		4869 4868 4867 4870 4818 4817 4816
	}
}

romekh = {
	location=4828
	color={
		13 67 161 
	}
	inland=yes
	outgoing={
		name="tunis"
		path={
			4828 4830 4793 4795 2472 352 2454 4566 341
		}
		control={
			2986.0 1147.0 2938.0 1198.0 2953.0 1244.0
		}
	}
	outgoing={
		name="khepstadt"
		path={
			4828 4830 4831 4838 4839 4860 4874 4873 4889
		}
		control={
			2877.0 1108.0 2923.0 1091.0
		}
	}
	members={
		4807 4806 4805 4804 4803 4802 4801 4800 4799 4826 4825 4824 4823 4830 4829 4827 4828 4831 4832 4833 4790 4791 4792 4793 
		4795 4797 4798 4796 4845 4844 4846 4847 4849 4848 4850 4851 4852 4853 4854 4855 4904 4856 4857 4858 4859 4861 
		4865 4864 4863 4862 4860 4843 4842 4841 4912 4840 4839 4838
	}
}

khepstadt = {
	location=4889
	color={
		141 16 163 
	}
	inland=yes
	end=yes
	members={
		4888 4887 4892 4891 4889 4890 4923 4922 4921 4920 4919 4918 4915 4916 4917 4913 4914 4911 4910 4905 4906 4907 4908 4909
		4929 4928 4927 4930 4931 4932 4933 4934 4794 4834 4837 4871 4872 4794 4834 4837 4871 4872 4873 4874 4875
	}
}